$ANSIBLE_VAULT;1.1;AES256
31653331376664386266303265626437383561386230346230653339316161666637343436626236
3535386561633864353364346430393462653331643338610a633638333738346236313232633230
30386638353763353863383434336430656166373734616663336165633733383630623134326466
3236313134333832370a656337653964343837383534383765653234633961356134303137393331
37663734646664653064653335333632663462313037363633636466353137613564383161373463
34313630623539626438376465663162386665313932393839383835613638303130656636623038
34616634303663326137383039326539373235353839613163376466316331386134646166346232
31333932313261333963656263373537323031666332356134383966366439613161653839356162
63646637343438366135633835326633636639346461303535366162623261653862623733656235
62336338646538313431383135323133623863666238343532306636353239313738383539373963
61303562343939333361616336656630613332666238663539646263396661636633633266653066
34343838336135666461613131323835393261343366613536356631336632376134393565353530
34613034366338396633326261383135646230666332633466333466623633656539333233656234
63386565383638656234306637353465383631323638643334303961396263343632643433306331
61623136636533323362376234323534353666336438306366343461333137383465653961336165
34313134346463303739393363646136303934613533393736636230313733633130633564316535
34613364323938343861323736363131326435653931663831613730373439653162663630343065
62396236613563643530636633373838626637326334616263313633393236366362386566343366
61643439623732396532316361623162363366376562613336376133376435663936376630303632
62633238373234336631363139336637363236636435363537383430343538613939346431373634
64613162393463643166333934316334393361373730313831643333346365663333343032366634
63396362373264386361343565333430376636366435303735656663363562306530646634323132
66626534323338353631383338306134316435343964313863363231346631623630663639623563
30363233396435353332373661616531623466636362366232353731303836633436323539326434
37386562646565656636376364363332623261643036323365333763336266393539313761333137
66373262353834646535666630316461633535636431383138656561383965633538623761353564
30313535376439643861663863623161323061653532313965323862356366343832333633646233
39616438613862383334333833396161386636346134343232326236373161393561643436393561
36323833633737373432666432303231346161373262313238373731333465386339356337346364
30376564373362636362646665633264366134316234363338646266633235633764356565306563
62363638633239633132313134656438383835386663316566613362336536656430366333336438
64393636336566323064353730626136633032333532306634343766373964616265376361633836
30656639336462363835616433366261303939633634343533336338386532396166656439306565
32316133333032643333343736336663373931353564633737366133313739633032613933643861
39396134393339613162393231343933343866366164613261376135353965383162363430333537
30653139316361353238326164613434633163313535376164633839353137653664386530636338
37353630663862323334656565633735613362386233336162646261383166623439396330353662
63656131626530386431333237663466306261393336363166333537396537653434376364343238
31363962663735653239366536363166613636393434626564363464306136386332303062633664
30396362643931613366343631346431393061653435376337356331363739353462326331376164
64656530383832656434306439333936643366633331383737306363356635633162613061333562
32386161376164613931666333373937643732303933663762646566643030313131303931323131
38663337656537643839376163333033356530396165363163336461643163353266373331386131
38353566393039373564366337346336363531636261613738643064643765653564366166663430
39366638326465323162306634343336643462313534643931386461363538376264333963323233
61363961333839646664393337626566633836343939653736613965333566626539353037323762
39386230626361353930633433313831353266383139333732356464646461666366656566313561
63386431393831653766313164316566333362333362363632623266333265633239353434653730
38626131356332346630346633653938373330373364643938393363626266633438336235646165
61623137386463323732336633353931386262666439356239353637626564656464393630613736
36393936333861336337343237326163333633646166356161303336666461326265656637326234
31613135333434646630336362656334356336373063396536333335333332313130323137313831
63323438633733666433343139666665636563356361373332376565323762313830333734346237
39373836646164646130623139363931303135303335616264323231616637646630393965656261
35326165376664646434356138313733643135336639316133373066333064353839396261663135
31623837306135636665373363303230346334656664386434313030613332643636313231363633
62376439313361633038613664626531386630396136373932333931633030323131393833393433
64616266616533373161373662343239646366383762666334373339303937626264393131343830
62313263633236363033326637643534386161643765396231393137346562306239663337346432
31386230393934383139623765613031313265656635393365326231336562643162626131393739
33373036623963373832386462653064623136333531306338613236386661343533653533383665
61626236336464326631623535303864666436396266646564643939323466356133316136666537
65633435363966393061303465326261393837623535636330333434343265633963346261616630
64346564326534626265373438353263356363393838643265363135333836343434346538316134
36343262626238313135303439366136656462323364393632393031373735346436366339343932
34633434633838323431613137646237613031386132613331623030373061643236343764323264
35323064336561656164636135366637666530663266663365373665643964303261666430316139
30646637313239346338653334306339633531326561623764356332383632396639646632343133
37373264386463663665633865336336353530653863326463346465616563366136316431373630
63656537313238643562623266653233333035386237346637346534393137303564663363616431
66353632316532613931396534653066346635636264386638326138643538633034373739636433
63656363616661363931303634376162393165333936326233393065363436616135303166653832
30363966656236363563653637653363333031353163363032646230633764646233363731633664
32333232323632343466363462633365653334643364656632383164363232643531666239363737
66316133313834623038346130666165616535363961313564396538363130393162383831353763
37613734623363343334306439616463383331366132393730653061636138633634313765373438
38383035633666376439333231663639396337366335346430666634393438383837356566343237
36366665333361623138353038373638303337303031313733383332353439623930326666376466
64623963636437396434316239323162656638656233353932653930633338303739366238623431
61623531336461386364613663363530663436666161356331393432346665323461376461393563
36646563653334393034653461326539656664653130343761313832613830323262363366323437
64316432616363333565616164396233616665643331663061343965376563666639363733626261
63323733313538343262333634663466313837326637346461313264656466393761356139323437
36633161653938616633626239646337626432613832636638613362376465343661336565366133
64383165363632626166666536353231313164663137356134626330633434386239336462616439
34633063633139346534393433356462636632323834366563373934333438623465646535373337
64383034323264323639396531376435323138653065663332363362656636346334383335356438
33313036393964313664356437396139376432343934303066373832303138373734303737396237
36663963303161343534643938333637333036616163386539396636303031353461666564636266
36626636646131653732396361323736633031636466353931303034653231323036616535343137
37373234346266303630656262306637356530636365313861636232386134373362313030323861
33313532636366393365643430323264636266616138653931333838633664346165343539306339
64623466333337353431373165613834376631613131366338653336613663643865313239663134
63643732633435373334656266666232363234306437333034613139323665383962336364303033
64383834623562663733666535313463663233623836366238346238373064646233656364316563
63353834373537303031313165613762396130363063386164636461643232613834366539373339
35303261653565396137303331323463353061376631643466343266626563623365323236353733
65633865613663383861326331633534613434633333623734343631646562633163343262326262
64626661363830346562336566643765333464633839363236643335363735353037363966336135
63323862613236346264333232316630623135613634323166353932393233613938306134656563
36366430326236666134393462633534366332633734623430376461306433373037333866336134
38326566386232646131333637323533326530663137386130326139303361376130656437366439
35393061353038303965376636313234663730616635373534666662303537306465356633383766
65373565383561313138333263656563383763383038376165356230393833353433356632303936
37336432666466343031656431643664336434626663643831396436303466396237353033376335
34373636363632323431313066616533643135396164353365353662663134373062333033613330
66656233313333353161343935626562616564323565386664343561376635383030646438613137
65303032333965343131613965383332323131623365393462623433383037386266386635356232
34393331656363666561353135373564383663303030666363656530383730346437336437393261
62346636666466323762383761663065656531313632313262666539646366303737656636376562
64373239386361336166633037643632616261316366306236666138303762343039613237323731
38373734666163663062643165656635386432326437373866616430623563613031313166653939
35393938663837613535613665333865343335393562303665656534623362663832626537366338
31386133666131323464323432363333626462663333346666333165653134336563663262336261
36333266383165313862643932363131653535383338346537333330623738636637373666336231
63356636373533313766343236616161353031633961396235623234613366626566316661366464
64666635616666346632616162336264313061313334366564336437656661656236343334656536
35623665353661303365353038623064363264373733623938646334613063643336333266626338
61323866633334306362313461303139656663613063393332393439363664336535633536643363
38383437393635323761393337336465346631326139623739313239646665343933666363353061
34613166333033303638316264653062373436363262333837376233343032383738323036336539
36373966306462316366326634303233633832653731613031366436653361656439303535386132
36626664633464363539336430383235346466393036356130623863643239663236363437363339
61366261353062643332393835633431383531666230613364643966326634316536343531303031
39333232626162663662663736653538663033383765383034376265353364313433373931383234
33653737353863333763386637613963316134363666663863343066343737656165386337363633
65323465326264333961346534306532613661643634646438626439353163386463333432643130
30366330313166353662313936663335386435623566643664323036376431616263633435653430
37393963386231623662316664396635386663323666653063633035633136363130653733646564
31393933636431363532656635333639333562383231646437363430306263666635323665373032
33346665396333313630353432313039396234333664396432653163343465363233316365366463
36386463353037346364616230323334373638636637393061663861623364316633323839653431
66623030316135396537333236306334396334376635393338633335313462383735313237303735
64386134643263663232366563383464626266643932366466316239316330633863323064653063
65303132356332666635616636353239326133346233303263386666356538633765623165663763
39363036626365636462343562373834653937666533313831353262373166613963656365313462
64636261306666663861356239383738313039316564323932653131373338376639613439633130
65643665393336623663333834393734393739646138623735353332353534623031363639373938
34623236623130316239656165626132303762376239613834306430623335626334336662633631
30333030366635633039333563666436656337663061323133353636316638646263313034333834
33303339353435653833366261353265363032666133376532623432353032666162383930623739
33323334633864316565346364326263326131643462343765666333613238386537366539373432
34373261663164386535313535373264653438396265383464303438313430353062386362373834
38366261333134303265383437373261643330316638306631663363333063313732633364366330
65343037613233373765373637333037303233323132376261613237393335656432656266656364
38663264373861653465396136666161376463303837326361333232366465313730356635663731
39643061326534646338353263636232386166313261316362626336616465323939633462323235
31646634326464333633366663653732333737326137333031356131343031383266656165313666
63323133616263666562623565356539633936623164306363363133326539656362663061623361
39663965366562313933616261393237393061333730323761633234306133623730646630303165
63653836323834353964623835646266356563346462653631373766373064393933663534306262
34326334313932306339303638613331356463636536623435633563613932323331373961393365
36383765336132383736343163333439303139653039663064613561303239303739623362363530
36383231653731326635363835623635666362626133303162336233393037376630353461653762
34343566633534303666363564613337346638313566346331626562626239653333363332626439
61393130633338386162303236323962623639333861386632366233663665643363663033326439
36383366393264316234646565643664646636386464636437663934643062653466623963666638
66613235373137376331633730623431623539323835393566346531613435363535333731623939
39616137613138383436623931323833636439633964663534666663666466623135383763666535
63383236343439373661646234643039643138666339643265386164393130313563663762623563
64363966386435383537393865313134656635316138396434373339616439623737313632353466
65353332666639353732396364613463646361663638393461303231343062393930393231333966
64613664643834613239663865633864333439376132383939666134613435303531393464623632
66313632366333316639653866313136356531316234333739613733353935346537663865333333
65356532633432646363643462633164366132636131663362633533383464336135313932353131
34376231316162643064346237636332633833323236623466326534613333616232613662386534
64643766396565336431303336376335383830363932363162666361613934376530623235316239
33353935303866356261626232363061303232623462323066383435623836353231353762343266
66323437636533643736383766666461396165353336343965363933346262313761373563613831
62663461363063653635376566626663633063343530343065333831303332383339313066383334
33336362366334353936363466366433306230303034356164373566663465353563396331363032
32633766623966666635343131353436383831396437663934316633323238353962326437663263
65303334393839373734333139326630613434613063653266373962663633356234623161363736
66333734623830643335623539323035326562663735356266656435313764393833323434376534
65626633633463313432323338333831356266356561653064383330653931343637326135363530
65663561323231626463363635366236363634633539343733326139633933343165363062346633
33386131613566356361346462663536356564643931303662316535363463346364396533303139
30646263333065343262316466323538636363326461383537626132353532663563326132356364
36303062613230363636343036393364636363636434626133363663343135393664346261333432
64653363313131343739386235376431363438323631353934393465636132633365326138633566
37366337633635623665663135353033386362316562323961343732363665336438343461313262
33323365646537623835386638343932316463326130376562383565393433363738396330343135
61356634396564303664616462383266623135323063666136623362313862363639393836363730
63353466313735393236653635313733363333313739323966343534383466363736376336346663
32623430303763613266353038633135613236623631323862663638353336376231363261383631
63326434336637393364346630623161326635356161363738663966626632333532376364353638
39393331653839623766396636613538396235323964633333393731376164353638353662633234
36353261356436383132363361643231386162386138393535336562326632656133646664616534
38363939666531306161376664663339656534386466306666376433303630366563343338316437
65626266303037323064366461396464353938363664363636326331303465376465373866643466
61313062646339343435366634313362333234393232363064336333643664336461646361616637
66646564623764356539643934306331356265376336623438383665613565303032373166626463
34306633393131663638636366316362356462643133623363633231633763356537306566303966
39363837636362363439356635613165316233383438623734373462336662383266353934616438
63313730663663386639386265383037346337646433303664323834333464343534663561383137
63303966353234343665306665313363653731306364393233363562633836326334323834616164
33623838386236386461303330636631346531386133613037386332313531303036623835353334
38316536623536343339383166353739653733373639366133633864313035353233336533653663
37333735633465613061313361376532616436343739643130383466363861386334306439316138
39326235336565636238353138326138396632326639356163313731633565323033366236656539
34613061626166376461336435313264643138333136363134646561393731613966623132376436
61633564646137393432653662326433646633626530613630626263636331663635653363313830
64663534653837616162313064623031316261653461373463363763663337623135323063383662
39333736336139316639663231343233353235636465633364666439356661306237663765633664
39366566353866306235383639373362353635636337643730656164333966333264633361343833
31356364373933343836386538616465356237393830653235373765393561336539363261333936
61383563313961353063613734643934663638343236626462303764626135633738353834373030
35623962633039336338396434313733616461643166396661626432396438663763356536663863
61353763373437393264666364353135326232633532636430306537333830613766656365323632
65623231386566313062613665343938626435313964396537386562663534626263323565323131
63646264636337353066323030356637336637393031313966373338363039653237376239313336
65626266333535643933373563363732383065666536656563366134396462346562303836383632
63333464663436373364333139303832646334653061633134623962623363353535356338386137
35366434333761383033346635623534356438373732653032306434613863363531323262336264
30633338343963356666643762333434623037353132626566313438376366383763373238633966
35363866353436313663653666366366336231633466343235316630643838346533383636333865
66313037306331616465383464346231643039323765346333323562303731663462396437663336
36633139343832306462343032616533646231343432656462346134613133373431623838666162
30343838663034646237393465616665633161383431623335656630636631663336346438653366
35333236303731396463383036366134626232303863303635353834366438363364313738303163
64633039343635363235613363633639343734363365343036616231663535633332303764386166
38393331646634356439653063323264623631663666396530336430306433363965386437666365
32666264373361343233363364313237393038353632306533393836303837633164633162626235
36616265343435363233623365303865336466333439313634303464333066303437303436333033
61613263313739303061646637643430316232363562373265623630643735376235386138663335
65616136326235316635316436333733646236363639383533613835376464386665613166626265
62346136376136356434306134653733386339613561623434373466653934336164316362303637
64336363316162333364656563396237376261393162643337323736666139653039633534326362
30626466363233383463623030313564353132333335356130376164336537346266363832333361
63343432383563343562363964623863383265343438353965343863376339613261353935663837
66396562643564373333393235316631623962316565353030373163346361633737363863636266
64663832613663623764343837326165303933623332373635626163316430653165336438643730
64613234613261353362316238336631363061663963666263646461386439316232653537633231
64303138373934383962316631323631656136623865323439303231383432626634623466666563
39306132393764623363316666623238363037666231666530626437303661623933313462666261
32386437613934626236323664353334623965373264663939633531323361643835383138373033
61383361343235313761623536383563343164326232633665643331383036353238366336313263
34646662626338613135616262643962346465333236663965636262343737623863396366383762
37326266386161313230366232383263363032356632313236346463666432383630303336383661
34343330323338363161343665643931646632333066303235316632363330613438663937336666
65626666316162306133303665616136633733303466643766346132626431313835653530663133
35346666383135313035633530663732363831323737316464653461366538326133356665386337
66323434333236383937353238393837373938376431323934343138646135623838623763396564
35633232383536373231373061343830313831636533396162643032663034623763643363383438
35633039393230323363626565343639386536303631373636626335336539326239313838303566
33396562356332633530306634326436323663323032386634333331333734393739616237343539
61346334353834386564363532653036396334353933653430656230396661333130643366343032
33353861643565623366636161383166303937316631336238346638343733353465613763616437
35646432373664656565323465653135346666633262363365326138326263303232333230313130
39623739313561636561333434626539353163393763653030643065653062313238326237386166
37313366343434393735386135353865323461643063623936626263333362623832333435326533
63346334623230343938626465336330366335666431336234326462613164336262346566396232
34333930633362613535383332353536396363383762663966396234636435653833656635306136
39366537333931393161376634346632616165386361396231363165316663353064393866393031
61623537326161333937343034643561643265613637373463303562663833363231383036623730
30616432363033613662363536326339613836396233633833386234303732656438376664633031
37376464346539336264666130343765616665336562386230353338623331336633626632353737
38313939326439393165626339383861663163616364353538373035343033336637656532643234
32663961393665323137633264663737633962303233346666353439666430353535656233353635
33356561336138643530643761393464303663313365353564346139366234333637636135646137
36636637623430613037353439366264653761626164316539373332333931633938323266303333
36366532373138373338386438623036376363383533343031303139353138653638366231313263
32326332343739353732613233623931616236356234376634613935626137313239333761656430
31623863303835343631396134376138313462643630653738643238303731336532326238656134
38323038613363393465316463313262656665343066613962313033653563363831346532613033
64333365326430353334363661306236623833376335666138326437386365613363623430643230
65336666343734663965613433313031656162376262666330356666656662623439326362363532
36383664333734313033303837656539396362616632343933623533646262366636653230343164
65626465336665623837373362353636343663336337646332346530343530336563386462363361
66386264636131393965353334346666393534343839333363363330383233313261613264663630
65393363323030316366336533373335636365316266616166333930656635396463396565343236
31373735343735613761613363663066663864373839336332616238303836373137383838373031
61313031616437336634616162306539633137663464333136346264313435306531373535646631
32306232383133663162393562333731616532376366366232653961336436343135306435326132
39376235393964393563363231363736373935623137326566323439656161303232363639613964
31323339666531663136366137396337313663633964333466336135383339323335313665303539
61306136626534643637653130653839386563346262353332333136626465323139346532386635
65323831666132363436613631336265613166353464633361663261393534633836646333326662
61653236356137316433383131346132313361363464393331636139623566373064323961633335
32323364623230336561623537393063313534346135373334373865626166613032633635656164
39646532646634353665656664333662303130643666633535386364353637363835396131616536
62343436333264373764326633666233326361393335386439363735623432343732316662386665
33396563343031656662666334333938326139353333366562383539303732373066383461393133
32663736346336366630613761373833663539613635373763613265373034663735373562643830
64353832313964316435366461656130636330316231393235363263636164633464646161306332
63386431363434643331636465306130663665666666363931663466376164653265336632333363
64613636383262303065653631636365366639633634313138626134646131333239383234616338
61636634663362656665336333373061336661373862343836343935303334316562633335663562
33383836346365356432346437303634633131373231303636633832386161346638663030313432
30626164346135663665393136356430306537373038636639383435336432373162336534623233
37366630303235643232386331616538666330663337373263613736663131646661613064303062
31383661643538643032386333303365313864653936656137366133643738653463383135383762
35626439396335633363656630353261646637306134383662323835663662633939366164646334
34393036313239646631376237323463333364313361363838653761396639396164383063323530
35633866613964386630363638386565623265316133633831626439323035613665323339653666
39623637383336613631353834363933363064396361343563313838383561306435653830353634
37356263393536373334666531393866623731336236643766626162393936623763383839663165
66323539663034333536376333326438343234656266346164393064363632646236623664313430
36373935343761636530623339373739613434366532373365323938333931393164616261303065
34626337333834633430363833356639366362333036373233373661623934313762373264306230
35386132613866653731643136383736383631663665643531363333656332363961616231353430
34616366363564613333366662623061373632333833326634303266636132633562363636383434
62386137366538316366383366356634656538363661376535613031386633313766333337313161
30393066616339326230316637656239393865643037613737663030613932383339346263383334
34656234396437643530393930343666363766353964393661313165323365343564656533343530
64376531336335326239376664633133386336353835373465383937373732393232663932656133
32366334363730333132666336363061386630383363353266393161653565353235393735366436
37373663666238663262313731643035326361643562393762366665303533373064653665303563
63643933303363323732326537636261363564323936386239333731353464393232663865383530
33633733623736333331396262626466333930323036363436383263616161386138346663303462
63313163633061326330333835373234363465306139363461383266316630376364643730643430
37333836666436666363633630616336396662343564643836393664306666336266323632373234
38356432333934336565303535333730333538353137366663373563376664626162656139633033
34313938653531653165653436656365623836616135353864636532666161386163333839396665
38383130383961616362333763643661393733376433643834636437666366626263303237343165
36363036643034363963393036346331653630373038353863366637313239633131333064313464
33396163393164343630646132663566383664376264346437363365373665613732383634643138
62323637303534613466366165323934306334653436376234636530663663366365376134303036
38313331393565396466353739636133373934336665376134376662643735363830646132343437
62333533363535366537366133616163326661313939313961626136663761376265386132356564
38613166393630623865346164343038383935363264653764343930386133343332613836323765
61323539353830613665613335646637653039356333313335646139386362383262316532383336
64386339396233653436383637333664623563373163306531366234363363363962333636396361
35613662613936323537633737653434346666396635613566313036343437313865623666353330
63356136363333656266396231333935366462323535346261386135336234616634326537363163
63646634616238393032643137613266343833303666666431623064393830303365333061356636
35313163316635346639656163373633333966643338313362333231316364646335336162333662
66663439623138396230326464346166313261306431316565316230343930663435656333653434
31376164663566663732653836343430623835343334383366323734666433396166303134363439
62373562646436643931346637643834303266346231336164303264646135383831343161393233
39653435633265303436376266383036326631303335366636333232383738636337623732383530
33336230346234613839316265616662663332363661323562393164323932316666653966643963
63383039306465373632626639636539343962363930303961633839343065313332343164316331
62666565306361323331666436396661393665363638373732313836646136633461396139306137
63623637633435393539643035616464353936643061623035393732393732623965306639636465
31616334366566653632343765643264316132666339323138656334393930303034656231336334
37383761656131383465393632313132656430366164336430636635343563313864623638663738
3364653838363933633932663362396531363631353266363835
