$ANSIBLE_VAULT;1.1;AES256
39363836303839663064636231393635643638316632333063383466353965663434313336666636
6562326264663238383732343865633839613736623464320a653331666535386662316634343566
30346466663138363762643064633730366433656231633732393036303831326562653030333866
3138626362613861650a333137353034383431343037623764626361643166383466376535393364
30623437343966326466613932613963623434663766326362373835373436373066333931333334
36313339373434643236613637356134666635643134363938326634616337373838643639636664
34383434336330366530663536346433373034313962303036376638316462656334616363383761
30356335303464393538653934663739386539663335383030663132636333323863316561373536
34616261346133306432616466613533376533336562613733663361323363383266643831633130
62373234316136396630366332303563656162633537323965343861623038663363663234376631
313339333033663734353861666363303462
